Time,x_num,y_num,z_num,x_ana,y_ana,z_ana
0,20,0,20,20,0,20
0.05005,20,0,20,-19.78,3.653,20
0.1001,20,0,20,-19.12,7.252,20
0.1502,20,0,20,-18.04,10.75,20
0.2002,20,0,20,-16.54,14.09,20
0.2503,20,0,20,-14.65,17.22,20
0.3003,20,0,20,-12.4,20.1,20
0.3504,20,0,20,-9.819,22.7,20
0.4004,20,0,20,-6.944,24.96,20
0.4505,20,0,20,-3.818,26.86,20
0.5005,20,0,20,-0.4869,28.38,20
0.5506,20,0,20,3.002,29.48,20
0.6006,20,0,20,6.599,30.15,20
0.6507,20,0,20,10.25,30.39,19.99
0.7007,20,0,20,13.9,30.19,19.99
0.7508,20,0,20,17.51,29.55,19.99
0.8008,20,0,20,21.01,28.48,19.99
0.8509,20,0,20,24.35,26.99,19.99
0.9009,20,0,20,27.49,25.12,19.99
0.951,20,0,20,30.39,22.88,19.99
1.001,20,0,20,32.99,20.31,19.99
1.051,20,0,20,35.27,17.45,19.99
1.101,20,0,20,37.19,14.33,19.99
1.151,20,0,20,38.71,11.01,19.98
1.201,20,0,20,39.83,7.524,19.98
1.251,20,0,20,40.52,3.931,19.98
1.301,20,0,20,40.78,0.2808,19.98
1.351,20,0,20,40.59,-3.373,19.98
1.401,20,0,20,39.96,-6.978,19.98
1.451,20,0,20,38.91,-10.48,19.97
1.502,20,0,20,37.44,-13.83,19.97
1.552,20,0,20,35.58,-16.99,19.97
1.602,20,0,20,33.36,-19.89,19.97
1.652,20,0,20,30.8,-22.51,19.97
1.702,20,0,20,27.95,-24.8,19.96
1.752,20,0,20,24.84,-26.73,19.96
1.802,20,0,20,21.52,-28.27,19.96
1.852,20,0,20,18.04,-29.4,19.96
1.902,20,0,20,14.45,-30.11,19.96
1.952,20,0,20,10.8,-30.38,19.95
2.002,20,0,20,7.15,-30.21,19.95
2.052,20,0,20,3.542,-29.6,19.95
2.102,20,0,20,0.03279,-28.56,19.95
2.152,20,0,20,-3.326,-27.11,19.94
2.202,20,0,20,-6.486,-25.27,19.94
2.252,20,0,20,-9.401,-23.06,19.94
2.302,20,0,20,-12.03,-20.51,19.93
2.352,20,0,20,-14.33,-17.67,19.93
2.402,20,0,20,-16.28,-14.57,19.93
2.452,20,0,20,-17.84,-11.26,19.93
2.503,20,0,20,-18.98,-7.782,19.92
2.553,20,0,20,-19.71,-4.196,19.92
2.603,20,0,20,-19.99,-0.5476,19.92
2.653,20,0,20,-19.84,3.108,19.91
2.703,20,0,20,-19.25,6.719,19.91
2.753,20,0,20,-18.23,10.23,19.91
2.803,20,0,20,-16.79,13.6,19.9
2.853,20,0,20,-14.96,16.77,19.9
2.903,20,0,20,-12.76,19.69,19.9
2.953,20,0,20,-10.23,22.33,19.89
3.003,20,0,20,-7.397,24.65,19.89
3.053,20,0,20,-4.306,26.61,19.89
3.103,20,0,20,-1.003,28.18,19.88
3.153,20,0,20,2.466,29.35,19.88
3.203,20,0,20,6.049,30.09,19.87
3.253,20,0,20,9.696,30.39,19.87
3.303,20,0,20,13.35,30.25,19.87
3.353,20,0,20,16.97,29.68,19.86
3.403,20,0,20,20.48,28.67,19.86
3.453,20,0,20,23.86,27.25,19.85
3.504,20,0,20,27.03,25.44,19.85
3.554,20,0,20,29.97,23.25,19.84
3.604,20,0,20,32.62,20.73,19.84
3.654,20,0,20,34.95,17.91,19.84
3.704,20,0,20,36.92,14.83,19.83
3.754,20,0,20,38.51,11.53,19.83
3.804,20,0,20,39.69,8.067,19.82
3.854,20,0,20,40.45,4.487,19.82
3.904,20,0,20,40.77,0.8422,19.81
3.954,20,0,20,40.65,-2.815,19.81
4.004,20,0,20,40.09,-6.431,19.8
4.054,20,0,20,39.1,-9.953,19.8
4.104,20,0,20,37.69,-13.33,19.79
4.154,20,0,20,35.89,-16.52,19.79
4.204,20,0,20,33.72,-19.46,19.78
4.254,20,0,20,31.21,-22.12,19.78
4.304,20,0,20,28.4,-24.47,19.77
4.354,20,0,20,25.33,-26.45,19.77
4.404,20,0,20,22.04,-28.06,19.76
4.454,20,0,20,18.58,-29.25,19.76
4.505,20,0,20,15,-30.02,19.75
4.555,20,0,20,11.36,-30.36,19.74
4.605,20,0,20,7.702,-30.26,19.74
4.655,20,0,20,4.083,-29.72,19.73
4.705,20,0,20,0.5559,-28.74,19.73
4.755,20,0,20,-2.829,-27.35,19.72
4.805,20,0,20,-6.022,-25.56,19.72
4.855,20,0,20,-8.977,-23.41,19.71
4.905,20,0,20,-11.65,-20.91,19.7
4.955,20,0,20,-14.01,-18.11,19.7
5.005,20,0,20,-16.01,-15.04,19.69
5.055,20,0,20,-17.63,-11.76,19.69
5.105,20,0,20,-18.84,-8.31,19.68
5.155,20,0,20,-19.63,-4.737,19.67
5.205,20,0,20,-19.98,-1.095,19.67
5.255,20,0,20,-19.89,2.563,19.66
5.305,20,0,20,-19.37,6.184,19.65
5.355,20,0,20,-18.41,9.716,19.65
5.405,20,0,20,-17.03,13.11,19.64
5.455,20,0,20,-15.26,16.31,19.63
5.506,20,0,20,-13.12,19.27,19.63
5.556,20,0,20,-10.63,21.96,19.62
5.606,20,0,20,-7.843,24.33,19.61
5.656,20,0,20,-4.789,26.34,19.61
5.706,20,0,20,-1.515,27.98,19.6
5.756,20,0,20,1.932,29.2,19.59
5.806,20,0,20,5.501,30.01,19.59
5.856,20,0,20,9.141,30.38,19.58
5.906,20,0,20,12.8,30.31,19.57
5.956,20,0,20,16.42,29.8,19.56
6.006,20,0,20,19.96,28.86,19.56
6.056,20,0,20,23.36,27.5,19.55
6.106,20,0,20,26.57,25.74,19.54
6.156,20,0,20,29.54,23.61,19.53
6.206,20,0,20,32.24,21.14,19.53
6.256,20,0,20,34.62,18.36,19.52
6.306,20,0,20,36.65,15.31,19.51
6.356,20,0,20,38.29,12.05,19.5
6.406,20,0,20,39.54,8.607,19.5
6.456,20,0,20,40.36,5.042,19.49
6.507,20,0,20,40.75,1.403,19.48
6.557,20,0,20,40.69,-2.255,19.47
6.607,20,0,20,40.2,-5.881,19.46
6.657,20,0,20,39.27,-9.421,19.46
6.707,20,0,20,37.93,-12.82,19.45
6.757,20,0,20,36.19,-16.04,19.44
6.807,20,0,20,34.07,-19.03,19.43
6.857,20,0,20,31.61,-21.73,19.42
6.907,20,0,20,28.84,-24.13,19.41
6.957,20,0,20,25.81,-26.17,19.41
7.007,20,0,20,22.55,-27.83,19.4
7.057,20,0,20,19.11,-29.09,19.39
7.107,20,0,20,15.55,-29.93,19.38
7.157,20,0,20,11.91,-30.33,19.37
7.207,20,0,20,8.254,-30.29,19.36
7.257,20,0,20,4.627,-29.82,19.35
7.307,20,0,20,1.082,-28.91,19.35
7.357,20,0,20,-2.327,-27.58,19.34
7.407,20,0,20,-5.552,-25.85,19.33
7.457,20,0,20,-8.546,-23.75,19.32
7.508,20,0,20,-11.27,-21.3,19.31
7.558,20,0,20,-13.67,-18.54,19.3
7.608,20,0,20,-15.73,-15.52,19.29
7.658,20,0,20,-17.41,-12.27,19.28
7.708,20,0,20,-18.68,-8.835,19.27
7.758,20,0,20,-19.53,-5.277,19.26
7.808,20,0,20,-19.95,-1.642,19.25
7.858,20,0,20,-19.93,2.017,19.24
7.908,20,0,20,-19.47,5.647,19.23
7.958,20,0,20,-18.58,9.196,19.22
8.008,20,0,20,-17.27,12.61,19.21
8.058,20,0,20,-15.56,15.84,19.2
8.108,20,0,20,-13.47,18.85,19.2
8.158,20,0,20,-11.03,21.58,19.19
8.208,20,0,20,-8.284,24,19.18
8.258,20,0,20,-5.267,26.07,19.17
8.308,20,0,20,-2.023,27.76,19.16
8.358,20,0,20,1.4,29.05,19.15
8.408,20,0,20,4.955,29.92,19.13
8.458,20,0,20,8.587,30.36,19.12
8.509,20,0,20,12.25,30.35,19.11
8.559,20,0,20,15.88,29.91,19.1
8.609,20,0,20,19.43,29.04,19.09
8.659,20,0,20,22.85,27.74,19.08
8.709,20,0,20,26.09,26.04,19.07
8.759,20,0,20,29.11,23.96,19.06
8.809,20,0,20,31.85,21.54,19.05
8.859,20,0,20,34.28,18.81,19.04
8.909,20,0,20,36.36,15.8,19.03
8.959,20,0,20,38.07,12.56,19.02
9.009,20,0,20,39.38,9.145,19.01
9.059,20,0,20,40.26,5.595,19
9.109,20,0,20,40.72,1.964,18.99
9.159,20,0,20,40.73,-1.695,18.97
9.209,20,0,20,40.3,-5.329,18.96
9.259,20,0,20,39.44,-8.885,18.95
9.309,20,0,20,38.16,-12.31,18.94
9.359,20,0,20,36.48,-15.56,18.93
9.409,20,0,20,34.41,-18.58,18.92
9.459,20,0,20,32,-21.34,18.91
9.51,20,0,20,29.28,-23.78,18.9
9.56,20,0,20,26.28,-25.88,18.88
9.61,20,0,20,23.05,-27.6,18.87
9.66,20,0,20,19.64,-28.92,18.86
9.71,20,0,20,16.1,-29.82,18.85
9.76,20,0,20,12.47,-30.29,18.84
9.81,20,0,20,8.808,-30.32,18.83
9.86,20,0,20,5.172,-29.91,18.81
9.91,20,0,20,1.612,-29.07,18.8
9.96,20,0,20,-1.821,-27.8,18.79
10.01,20,0,20,-5.077,-26.13,18.78
10.06,20,0,20,-8.109,-24.08,18.77
10.11,20,0,20,-10.87,-21.69,18.75
10.16,20,0,20,-13.33,-18.97,18.74
10.21,20,0,20,-15.44,-15.98,18.73
10.26,20,0,20,-17.18,-12.76,18.72
10.31,20,0,20,-18.51,-9.357,18.7
10.36,20,0,20,-19.43,-5.815,18.69
10.41,20,0,20,-19.92,-2.189,18.68
10.46,20,0,20,-19.97,1.47,18.67
10.51,20,0,20,-19.57,5.108,18.65
10.56,20,0,20,-18.74,8.672,18.64
10.61,20,0,20,-17.49,12.11,18.63
10.66,20,0,20,-15.84,15.38,18.62
10.71,20,0,20,-13.81,18.42,18.6
10.76,20,0,20,-11.42,21.19,18.59
10.81,20,0,20,-8.719,23.66,18.58
10.86,20,0,20,-5.74,25.78,18.56
10.91,20,0,20,-2.528,27.54,18.55
10.96,20,0,20,0.8721,28.89,18.54
11.01,20,0,20,4.41,29.82,18.52
11.06,20,0,20,8.034,30.33,18.51
11.11,20,0,20,11.69,30.39,18.5
11.16,20,0,20,15.33,30.01,18.48
11.21,20,0,20,18.9,29.2,18.47
11.26,20,0,20,22.34,27.97,18.46
11.31,20,0,20,25.62,26.33,18.44
11.36,20,0,20,28.67,24.31,18.43
11.41,20,0,20,31.45,21.94,18.42
11.46,20,0,20,33.93,19.25,18.4
11.51,20,0,20,36.07,16.28,18.39
11.56,20,0,20,37.84,13.07,18.37
11.61,20,0,20,39.21,9.679,18.36
11.66,20,0,20,40.16,6.146,18.35
11.71,20,0,20,40.68,2.524,18.33
11.76,20,0,20,40.76,-1.134,18.32
11.81,20,0,20,40.4,-4.775,18.3
11.86,20,0,20,39.6,-8.347,18.29
11.91,20,0,20,38.38,-11.8,18.28
11.96,20,0,20,36.76,-15.07,18.26
12.01,20,0,20,34.75,-18.13,18.25
12.06,20,0,20,32.39,-20.93,18.23
12.11,20,0,20,29.71,-23.42,18.22
12.16,20,0,20,26.75,-25.57,18.2
12.21,20,0,20,23.56,-27.36,18.19
12.26,20,0,20,20.17,-28.74,18.18
12.31,20,0,20,16.64,-29.71,18.16
12.36,20,0,20,13.02,-30.24,18.15
12.41,20,0,20,9.362,-30.34,18.13
12.46,20,0,20,5.719,-29.99,18.12
12.51,20,0,20,2.144,-29.22,18.1
12.56,20,0,20,-1.312,-28.01,18.09
12.61,20,0,20,-4.598,-26.4,18.07
12.66,20,0,20,-7.666,-24.41,18.06
12.71,20,0,20,-10.47,-22.06,18.04
12.76,20,0,20,-12.98,-19.4,18.03
12.81,20,0,20,-15.14,-16.45,18.01
12.86,20,0,20,-16.94,-13.26,18
12.91,20,0,20,-18.34,-9.876,17.98
12.96,20,0,20,-19.32,-6.352,17.96
13.01,20,0,20,-19.87,-2.735,17.95
13.06,20,0,20,-19.99,0.9229,17.93
13.11,20,0,20,-19.66,4.567,17.92
13.16,20,0,20,-18.9,8.146,17.9
13.21,20,0,20,-17.71,11.61,17.89
13.26,20,0,20,-16.12,14.9,17.87
13.31,20,0,20,-14.14,17.98,17.85
13.36,20,0,20,-11.8,20.8,17.84
13.41,20,0,20,-9.147,23.31,17.82
13.46,20,0,20,-6.207,25.49,17.81
13.51,20,0,20,-3.027,27.3,17.79
13.56,20,0,20,0.347,28.72,17.77
13.61,20,0,20,3.867,29.72,17.76
13.66,20,0,20,7.482,30.29,17.74
13.71,20,0,20,11.14,30.42,17.73
13.76,20,0,20,14.78,30.11,17.71
13.81,20,0,20,18.37,29.36,17.69
13.86,20,0,20,21.83,28.19,17.68
13.91,20,0,20,25.13,26.61,17.66
13.96,20,0,20,28.22,24.64,17.64
14.01,20,0,20,31.05,22.32,17.63
14.06,20,0,20,33.58,19.68,17.61
14.11,20,0,20,35.77,16.75,17.59
14.16,20,0,20,37.59,13.58,17.58
14.21,20,0,20,39.02,10.21,17.56
14.26,20,0,20,40.04,6.695,17.54
14.31,20,0,20,40.62,3.083,17.53
14.36,20,0,20,40.77,-0.5727,17.51
14.41,20,0,20,40.48,-4.22,17.49
14.46,20,0,20,39.75,-7.805,17.48
14.51,20,0,20,38.59,-11.28,17.46
14.56,20,0,20,37.03,-14.58,17.44
14.61,20,0,20,35.08,-17.68,17.42
14.66,20,0,20,32.77,-20.52,17.41
14.71,20,0,20,30.14,-23.06,17.39
14.76,20,0,20,27.22,-25.27,17.37
14.81,20,0,20,24.05,-27.1,17.36
14.86,20,0,20,20.69,-28.55,17.34
14.91,20,0,20,17.18,-29.58,17.32
14.96,20,0,20,13.57,-30.18,17.3
15.02,20,0,20,9.916,-30.35,17.28
15.07,20,0,20,6.268,-30.07,17.27
15.12,20,0,20,2.679,-29.35,17.25
15.17,20,0,20,-0.7978,-28.21,17.23
15.22,20,0,20,-4.113,-26.67,17.21
15.27,20,0,20,-7.217,-24.73,17.2
15.32,20,0,20,-10.07,-22.43,17.18
15.37,20,0,20,-12.62,-19.81,17.16
15.42,20,0,20,-14.84,-16.9,17.14
15.47,20,0,20,-16.69,-13.75,17.12
15.52,20,0,20,-18.15,-10.39,17.11
15.57,20,0,20,-19.2,-6.886,17.09
15.62,20,0,20,-19.82,-3.279,17.07
15.67,20,0,20,-20,0.3753,17.05
15.72,20,0,20,-19.74,4.025,17.03
15.77,20,0,20,-19.04,7.617,17.01
15.82,20,0,20,-17.92,11.1,17
15.87,20,0,20,-16.38,14.42,16.98
15.92,20,0,20,-14.46,17.54,16.96
15.97,20,0,20,-12.18,20.4,16.94
16.02,20,0,20,-9.568,22.96,16.92
16.07,20,0,20,-6.669,25.19,16.9
16.12,20,0,20,-3.523,27.06,16.88
16.17,20,0,20,-0.1748,28.54,16.86
16.22,20,0,20,3.326,29.6,16.85
16.27,20,0,20,6.93,30.23,16.83
16.32,20,0,20,10.58,30.43,16.81
16.37,20,0,20,14.23,30.19,16.79
16.42,20,0,20,17.83,29.51,16.77
16.47,20,0,20,21.32,28.4,16.75
16.52,20,0,20,24.65,26.88,16.73
16.57,20,0,20,27.77,24.97,16.71
16.62,20,0,20,30.64,22.7,16.69
16.67,20,0,20,33.21,20.11,16.67
16.72,20,0,20,35.46,17.22,16.65
16.77,20,0,20,37.34,14.08,16.63
16.82,20,0,20,38.83,10.74,16.61
16.87,20,0,20,39.91,7.242,16.59
16.92,20,0,20,40.56,3.641,16.57
16.97,20,0,20,40.78,-0.0112,16.56
17.02,20,0,20,40.55,-3.663,16.54
17.07,20,0,20,39.89,-7.261,16.52
17.12,20,0,20,38.79,-10.75,16.5
17.17,20,0,20,37.29,-14.09,16.48
17.22,20,0,20,35.4,-17.22,16.46
17.27,20,0,20,33.14,-20.1,16.44
17.32,20,0,20,30.55,-22.69,16.42
17.37,20,0,20,27.68,-24.95,16.4
17.42,20,0,20,24.55,-26.84,16.38
17.47,20,0,20,21.21,-28.35,16.36
17.52,20,0,20,17.72,-29.44,16.34
17.57,20,0,20,14.12,-30.11,16.32
17.62,20,0,20,10.47,-30.34,16.29
17.67,20,0,20,6.818,-30.13,16.27
17.72,20,0,20,3.217,-29.48,16.25
17.77,20,0,20,-0.2803,-28.41,16.23
17.82,20,0,20,-3.623,-26.92,16.21
17.87,20,0,20,-6.762,-25.04,16.19
17.92,20,0,20,-9.653,-22.8,16.17
17.97,20,0,20,-12.25,-20.22,16.15
18.02,20,0,20,-14.53,-17.35,16.13
18.07,20,0,20,-16.44,-14.23,16.11
18.12,20,0,20,-17.96,-10.9,16.09
18.17,20,0,20,-19.07,-7.418,16.07
18.22,20,0,20,-19.75,-3.823,16.05
18.27,20,0,20,-20,-0.1724,16.03
18.32,20,0,20,-19.81,3.482,16
18.37,20,0,20,-19.17,7.086,15.98
18.42,20,0,20,-18.11,10.59,15.96
18.47,20,0,20,-16.64,13.94,15.94
18.52,20,0,20,-14.78,17.09,15.92
18.57,20,0,20,-12.55,19.99,15.9
18.62,20,0,20,-9.983,22.6,15.88
18.67,20,0,20,-7.125,24.88,15.86
18.72,20,0,20,-4.014,26.81,15.83
18.77,20,0,20,-0.693,28.35,15.81
18.82,20,0,20,2.788,29.47,15.79
18.87,20,0,20,6.38,30.17,15.77
18.92,20,0,20,10.03,30.44,15.75
18.97,20,0,20,13.68,30.26,15.73
19.02,20,0,20,17.29,29.65,15.7
19.07,20,0,20,20.8,28.6,15.68
19.12,20,0,20,24.15,27.14,15.66
19.17,20,0,20,27.31,25.29,15.64
19.22,20,0,20,30.22,23.08,15.62
19.27,20,0,20,32.84,20.53,15.6
19.32,20,0,20,35.14,17.68,15.57
19.37,20,0,20,37.08,14.58,15.55
19.42,20,0,20,38.63,11.26,15.53
19.47,20,0,20,39.78,7.786,15.51
19.52,20,0,20,40.49,4.198,15.48
19.57,20,0,20,40.77,0.5503,15.46
19.62,20,0,20,40.61,-3.105,15.44
19.67,20,0,20,40.01,-6.715,15.42
19.72,20,0,20,38.99,-10.23,15.4
19.77,20,0,20,37.54,-13.59,15.37
19.82,20,0,20,35.71,-16.75,15.35
19.87,20,0,20,33.5,-19.67,15.33
19.92,20,0,20,30.97,-22.31,15.31
19.97,20,0,20,28.13,-24.62,15.28
20.02,20,0,20,25.03,-26.57,15.26
20.07,20,0,20,21.73,-28.14,15.24
20.12,20,0,20,18.26,-29.3,15.21
20.17,20,0,20,14.67,-30.03,15.19
20.22,20,0,20,11.03,-30.33,15.17
20.27,20,0,20,7.369,-30.18,15.15
20.32,20,0,20,3.757,-29.6,15.12
20.37,20,0,20,0.2407,-28.59,15.1
20.42,20,0,20,-3.128,-27.16,15.08
20.47,20,0,20,-6.302,-25.34,15.05
20.52,20,0,20,-9.233,-23.15,15.03
20.57,20,0,20,-11.88,-20.62,15.01
20.62,20,0,20,-14.2,-17.8,14.98
20.67,20,0,20,-16.17,-14.71,14.96
20.72,20,0,20,-17.75,-11.41,14.94
20.77,20,0,20,-18.93,-7.947,14.91
20.82,20,0,20,-19.68,-4.366,14.89
20.87,20,0,20,-19.99,-0.72,14.87
20.92,20,0,20,-19.86,2.937,14.84
20.97,20,0,20,-19.3,6.552,14.82
21.02,20,0,20,-18.3,10.07,14.8
21.07,20,0,20,-16.89,13.45,14.77
21.12,20,0,20,-15.08,16.63,14.75
21.17,20,0,20,-12.91,19.57,14.72
21.22,20,0,20,-10.39,22.23,14.7
21.27,20,0,20,-7.576,24.57,14.68
21.32,20,0,20,-4.5,26.55,14.65
21.37,20,0,20,-1.208,28.15,14.63
21.42,20,0,20,2.252,29.34,14.61
21.47,20,0,20,5.83,30.1,14.58
21.52,20,0,20,9.475,30.43,14.56
21.57,20,0,20,13.13,30.32,14.53
21.62,20,0,20,16.75,29.77,14.51
21.67,20,0,20,20.27,28.79,14.48
21.72,20,0,20,23.66,27.4,14.46
21.77,20,0,20,26.85,25.6,14.44
21.82,20,0,20,29.8,23.44,14.41
21.87,20,0,20,32.47,20.94,14.39
21.92,20,0,20,34.82,18.13,14.36
21.97,20,0,20,36.81,15.07,14.34
22.02,20,0,20,38.42,11.78,14.31
22.07,20,0,20,39.63,8.328,14.29
22.12,20,0,20,40.41,4.754,14.26
22.17,20,0,20,40.76,1.112,14.24
22.22,20,0,20,40.67,-2.546,14.22
22.27,20,0,20,40.13,-6.166,14.19
22.32,20,0,20,39.17,-9.696,14.17
22.37,20,0,20,37.79,-13.08,14.14
22.42,20,0,20,36.01,-16.28,14.12
22.47,20,0,20,33.86,-19.24,14.09
22.52,20,0,20,31.37,-21.92,14.07
22.57,20,0,20,28.58,-24.29,14.04
22.62,20,0,20,25.52,-26.29,14.02
22.67,20,0,20,22.24,-27.92,13.99
22.72,20,0,20,18.79,-29.14,13.97
22.77,20,0,20,15.22,-29.94,13.94
22.82,20,0,20,11.58,-30.3,13.92
22.87,20,0,20,7.922,-30.23,13.89
22.92,20,0,20,4.299,-29.71,13.87
22.97,20,0,20,0.765,-28.76,13.84
23.02,20,0,20,-2.63,-27.4,13.81
23.07,20,0,20,-5.835,-25.63,13.79
23.12,20,0,20,-8.806,-23.5,13.76
23.17,20,0,20,-11.5,-21.02,13.74
23.22,20,0,20,-13.87,-18.24,13.71
23.27,20,0,20,-15.9,-15.19,13.69
23.32,20,0,20,-17.54,-11.92,13.66
23.37,20,0,20,-18.78,-8.474,13.64
23.42,20,0,20,-19.59,-4.907,13.61
23.47,20,0,20,-19.97,-1.267,13.58
23.52,20,0,20,-19.91,2.391,13.56
23.57,20,0,20,-19.41,6.016,13.53
23.62,20,0,20,-18.48,9.555,13.51
23.67,20,0,20,-17.13,12.96,13.48
23.72,20,0,20,-15.38,16.17,13.45
23.77,20,0,20,-13.26,19.15,13.43
23.82,20,0,20,-10.79,21.85,13.4
23.87,20,0,20,-8.02,24.24,13.38
23.92,20,0,20,-4.981,26.28,13.35
23.97,20,0,20,-1.718,27.94,13.32
24.02,20,0,20,1.719,29.19,13.3
24.07,20,0,20,5.283,30.02,13.27
24.12,20,0,20,8.92,30.42,13.25
24.17,20,0,20,12.58,30.37,13.22
24.22,20,0,20,16.21,29.89,13.19
24.27,20,0,20,19.75,28.98,13.17
24.32,20,0,20,23.16,27.64,13.14
24.37,20,0,20,26.38,25.91,13.11
24.42,20,0,20,29.37,23.8,13.09
24.47,20,0,20,32.08,21.35,13.06
24.52,20,0,20,34.48,18.58,13.03
24.57,20,0,20,36.53,15.55,13.01
24.62,20,0,20,38.21,12.3,12.98
24.67,20,0,20,39.47,8.868,12.95
24.72,20,0,20,40.32,5.308,12.93
24.77,20,0,20,40.73,1.673,12.9
24.82,20,0,20,40.71,-1.986,12.87
24.87,20,0,20,40.24,-5.615,12.85
24.92,20,0,20,39.34,-9.162,12.82
24.97,20,0,20,38.02,-12.57,12.79
25.03,20,0,20,36.3,-15.8,12.76
25.08,20,0,20,34.21,-18.8,12.74
25.13,20,0,20,31.77,-21.53,12.71
25.18,20,0,20,29.02,-23.94,12.68
25.23,20,0,20,26,-26.01,12.66
25.28,20,0,20,22.75,-27.69,12.63
25.33,20,0,20,19.32,-28.98,12.6
25.38,20,0,20,15.77,-29.84,12.57
25.43,20,0,20,12.13,-30.27,12.55
25.48,20,0,20,8.475,-30.26,12.52
25.53,20,0,20,4.843,-29.81,12.49
25.58,20,0,20,1.293,-28.93,12.46
25.63,20,0,20,-2.126,-27.62,12.44
25.68,20,0,20,-5.364,-25.92,12.41
25.73,20,0,20,-8.373,-23.84,12.38
25.78,20,0,20,-11.11,-21.41,12.35
25.83,20,0,20,-13.54,-18.67,12.33
25.88,20,0,20,-15.61,-15.66,12.3
25.93,20,0,20,-17.32,-12.42,12.27
25.98,20,0,20,-18.62,-8.998,12.24
26.03,20,0,20,-19.5,-5.446,12.22
26.08,20,0,20,-19.94,-1.814,12.19
26.13,20,0,20,-19.95,1.845,12.16
26.18,20,0,20,-19.52,5.478,12.13
26.23,20,0,20,-18.65,9.033,12.1
26.28,20,0,20,-17.36,12.46,12.08
26.33,20,0,20,-15.67,15.7,12.05
26.38,20,0,20,-13.6,18.72,12.02
26.43,20,0,20,-11.19,21.47,11.99
26.48,20,0,20,-8.458,23.91,11.96
26.53,20,0,20,-5.456,26,11.94
26.58,20,0,20,-2.225,27.72,11.91
26.63,20,0,20,1.189,29.03,11.88
26.68,20,0,20,4.737,29.93,11.85
26.73,20,0,20,8.367,30.39,11.82
26.78,20,0,20,12.03,30.42,11.79
26.83,20,0,20,15.66,30,11.77
26.88,20,0,20,19.22,29.15,11.74
26.93,20,0,20,22.65,27.88,11.71
26.98,20,0,20,25.9,26.2,11.68
27.03,20,0,20,28.93,24.15,11.65
27.08,20,0,20,31.69,21.74,11.62
27.13,20,0,20,34.14,19.03,11.59
27.18,20,0,20,36.25,16.04,11.57
27.23,20,0,20,37.98,12.81,11.54
27.28,20,0,20,39.31,9.404,11.51
27.33,20,0,20,40.22,5.86,11.48
27.38,20,0,20,40.7,2.233,11.45
27.43,20,0,20,40.74,-1.426,11.42
27.48,20,0,20,40.34,-5.063,11.39
27.53,20,0,20,39.51,-8.625,11.36
27.58,20,0,20,38.25,-12.06,11.34
27.63,20,0,20,36.59,-15.32,11.31
27.68,20,0,20,34.55,-18.36,11.28
27.73,20,0,20,32.16,-21.13,11.25
27.78,20,0,20,29.45,-23.59,11.22
27.83,20,0,20,26.47,-25.71,11.19
27.88,20,0,20,23.25,-27.46,11.16
27.93,20,0,20,19.85,-28.8,11.13
27.98,20,0,20,16.31,-29.73,11.1
28.03,20,0,20,12.69,-30.23,11.07
28.08,20,0,20,9.028,-30.28,11.04
28.13,20,0,20,5.39,-29.9,11.01
28.18,20,0,20,1.823,-29.08,10.99
28.23,20,0,20,-1.619,-27.84,10.96
28.28,20,0,20,-4.887,-26.2,10.93
28.33,20,0,20,-7.934,-24.17,10.9
28.38,20,0,20,-10.71,-21.79,10.87
28.43,20,0,20,-13.19,-19.1,10.84
28.48,20,0,20,-15.32,-16.12,10.81
28.53,20,0,20,-17.08,-12.91,10.78
28.58,20,0,20,-18.45,-9.519,10.75
28.63,20,0,20,-19.39,-5.984,10.72
28.68,20,0,20,-19.9,-2.36,10.69
28.73,20,0,20,-19.98,1.298,10.66
28.78,20,0,20,-19.61,4.939,10.63
28.83,20,0,20,-18.81,8.509,10.6
28.88,20,0,20,-17.58,11.96,10.57
28.93,20,0,20,-15.95,15.23,10.54
28.98,20,0,20,-13.94,18.29,10.51
29.03,20,0,20,-11.57,21.08,10.48
29.08,20,0,20,-8.89,23.57,10.45
29.13,20,0,20,-5.927,25.71,10.42
29.18,20,0,20,-2.727,27.49,10.39
29.23,20,0,20,0.6623,28.87,10.36
29.28,20,0,20,4.193,29.83,10.33
29.33,20,0,20,7.814,30.36,10.3
29.38,20,0,20,11.47,30.45,10.27
29.43,20,0,20,15.11,30.1,10.24
29.48,20,0,20,18.69,29.31,10.21
29.53,20,0,20,22.14,28.1,10.18
29.58,20,0,20,25.42,26.49,10.15
29.63,20,0,20,28.49,24.49,10.12
29.68,20,0,20,31.29,22.14,10.09
29.73,20,0,20,33.79,19.46,10.06
29.78,20,0,20,35.95,16.51,10.03
29.83,20,0,20,37.74,13.32,9.999
29.88,20,0,20,39.13,9.937,9.968
29.93,20,0,20,40.11,6.411,9.938
29.98,20,0,20,40.66,2.793,9.907
30.03,20,0,20,40.76,-0.8645,9.877
30.08,20,0,20,40.43,-4.508,9.846
30.13,20,0,20,39.66,-8.085,9.815
30.18,20,0,20,38.47,-11.54,9.785
30.23,20,0,20,36.87,-14.83,9.754
30.28,20,0,20,34.88,-17.91,9.723
30.33,20,0,20,32.54,-20.72,9.693
30.38,20,0,20,29.88,-23.23,9.662
30.43,20,0,20,26.94,-25.41,9.631
30.48,20,0,20,23.75,-27.21,9.6
30.53,20,0,20,20.38,-28.62,9.569
30.58,20,0,20,16.86,-29.61,9.539
30.63,20,0,20,13.24,-30.17,9.508
30.68,20,0,20,9.583,-30.3,9.477
30.73,20,0,20,5.937,-29.98,9.446
30.78,20,0,20,2.357,-29.23,9.415
30.83,20,0,20,-1.108,-28.05,9.384
30.88,20,0,20,-4.405,-26.46,9.353
30.93,20,0,20,-7.488,-24.49,9.322
30.98,20,0,20,-10.31,-22.17,9.291
31.03,20,0,20,-12.84,-19.52,9.259
31.08,20,0,20,-15.02,-16.58,9.228
31.13,20,0,20,-16.84,-13.41,9.197
31.18,20,0,20,-18.27,-10.04,9.166
31.23,20,0,20,-19.27,-6.519,9.135
31.28,20,0,20,-19.85,-2.906,9.103
31.33,20,0,20,-19.99,0.7505,9.072
31.38,20,0,20,-19.69,4.397,9.041
31.43,20,0,20,-18.96,7.982,9.009
31.48,20,0,20,-17.79,11.45,8.978
31.53,20,0,20,-16.22,14.76,8.946
31.58,20,0,20,-14.27,17.85,8.915
31.63,20,0,20,-11.95,20.68,8.884
31.68,20,0,20,-9.316,23.22,8.852
31.73,20,0,20,-6.392,25.42,8.821
31.78,20,0,20,-3.226,27.25,8.789
31.83,20,0,20,0.1384,28.69,8.757
31.88,20,0,20,3.651,29.72,8.726
31.93,20,0,20,7.261,30.31,8.694
31.98,20,0,20,10.92,30.47,8.662
32.03,20,0,20,14.57,30.19,8.631
32.08,20,0,20,18.15,29.47,8.599
32.13,20,0,20,21.63,28.32,8.567
32.18,20,0,20,24.94,26.76,8.536
32.23,20,0,20,28.04,24.82,8.504
32.28,20,0,20,30.89,22.52,8.472
32.33,20,0,20,33.43,19.9,8.44
32.38,20,0,20,35.65,16.98,8.408
32.43,20,0,20,37.49,13.82,8.376
32.48,20,0,20,38.95,10.47,8.344
32.53,20,0,20,39.99,6.959,8.312
32.58,20,0,20,40.6,3.352,8.28
32.63,20,0,20,40.77,-0.3032,8.248
32.68,20,0,20,40.51,-3.952,8.216
32.73,20,0,20,39.8,-7.543,8.184
32.78,20,0,20,38.67,-11.02,8.152
32.83,20,0,20,37.13,-14.34,8.12
32.88,20,0,20,35.21,-17.45,8.088
32.93,20,0,20,32.92,-20.31,8.056
32.98,20,0,20,30.3,-22.87,8.024
33.03,20,0,20,27.4,-25.09,7.992
33.08,20,0,20,24.25,-26.96,7.959
33.13,20,0,20,20.9,-28.43,7.927
33.18,20,0,20,17.4,-29.48,7.895
33.23,20,0,20,13.79,-30.11,7.862
33.28,20,0,20,10.14,-30.3,7.83
33.33,20,0,20,6.487,-30.05,7.798
33.38,20,0,20,2.893,-29.36,7.765
33.43,20,0,20,-0.5924,-28.25,7.733
33.48,20,0,20,-3.918,-26.72,7.701
33.53,20,0,20,-7.037,-24.81,7.668
33.58,20,0,20,-9.903,-22.53,7.636
33.63,20,0,20,-12.47,-19.93,7.603
33.68,20,0,20,-14.71,-17.04,7.571
33.73,20,0,20,-16.59,-13.89,7.538
33.78,20,0,20,-18.08,-10.55,7.506
33.83,20,0,20,-19.15,-7.052,7.473
33.88,20,0,20,-19.79,-3.45,7.44
33.93,20,0,20,-20,0.2029,7.408
33.98,20,0,20,-19.77,3.855,7.375
34.03,20,0,20,-19.1,7.452,7.342
34.08,20,0,20,-18,10.94,7.31
34.13,20,0,20,-16.49,14.28,7.277
34.18,20,0,20,-14.59,17.4,7.244
34.23,20,0,20,-12.33,20.28,7.211
34.28,20,0,20,-9.735,22.86,7.179
34.33,20,0,20,-6.852,25.12,7.146
34.38,20,0,20,-3.719,27.01,7.113
34.43,20,0,20,-0.382,28.51,7.08
34.48,20,0,20,3.111,29.6,7.047
34.53,20,0,20,6.71,30.26,7.014
34.58,20,0,20,10.36,30.48,6.981
34.63,20,0,20,14.01,30.26,6.949
34.68,20,0,20,17.61,29.61,6.916
34.73,20,0,20,21.11,28.53,6.883
34.78,20,0,20,24.45,27.03,6.85
34.83,20,0,20,27.59,25.15,6.817
34.88,20,0,20,30.47,22.9,6.784
34.93,20,0,20,33.07,20.32,6.75
34.98,20,0,20,35.33,17.45,6.717
35.04,20,0,20,37.24,14.32,6.684
35.09,20,0,20,38.76,10.99,6.651
35.14,20,0,20,39.86,7.505,6.618
35.19,20,0,20,40.54,3.909,6.585
35.24,20,0,20,40.78,0.2584,6.552
35.29,20,0,20,40.58,-3.395,6.518
35.34,20,0,20,39.94,-6.998,6.485
35.39,20,0,20,38.87,-10.5,6.452
35.44,20,0,20,37.39,-13.84,6.419
35.49,20,0,20,35.52,-16.99,6.385
35.54,20,0,20,33.29,-19.89,6.352
35.59,20,0,20,30.72,-22.49,6.319
35.64,20,0,20,27.86,-24.77,6.285
35.69,20,0,20,24.74,-26.69,6.252
35.74,20,0,20,21.42,-28.22,6.219
35.79,20,0,20,17.93,-29.34,6.185
35.84,20,0,20,14.34,-30.04,6.152
35.89,20,0,20,10.69,-30.29,6.118
35.94,20,0,20,7.037,-30.11,6.085
35.99,20,0,20,3.431,-29.49,6.051
36.04,20,0,20,-0.0735,-28.44,6.018
36.09,20,0,20,-3.427,-26.97,5.984
36.14,20,0,20,-6.58,-25.11,5.951
36.19,20,0,20,-9.487,-22.89,5.917
36.24,20,0,20,-12.11,-20.34,5.884
36.29,20,0,20,-14.4,-17.48,5.85
36.34,20,0,20,-16.33,-14.38,5.816
36.39,20,0,20,-17.88,-11.06,5.783
36.44,20,0,20,-19.01,-7.583,5.749
36.49,20,0,20,-19.72,-3.994,5.715
36.54,20,0,20,-20,-0.3447,5.682
36.59,20,0,20,-19.83,3.311,5.648
36.64,20,0,20,-19.22,6.919,5.614
36.69,20,0,20,-18.19,10.43,5.581
36.74,20,0,20,-16.74,13.79,5.547
36.79,20,0,20,-14.9,16.95,5.513
36.84,20,0,20,-12.69,19.87,5.479
36.89,20,0,20,-10.15,22.5,5.445
36.94,20,0,20,-7.306,24.8,5.412
36.99,20,0,20,-4.208,26.75,5.378
37.04,20,0,20,-0.8988,28.31,5.344
37.09,20,0,20,2.574,29.47,5.31
37.14,20,0,20,6.16,30.19,5.276
37.19,20,0,20,9.808,30.48,5.242
37.24,20,0,20,13.46,30.33,5.208
37.29,20,0,20,17.08,29.74,5.174
37.34,20,0,20,20.59,28.72,5.14
37.39,20,0,20,23.96,27.29,5.106
37.44,20,0,20,27.13,25.46,5.072
37.49,20,0,20,30.05,23.27,5.038
37.54,20,0,20,32.69,20.74,5.004
37.59,20,0,20,35.01,17.91,4.97
37.64,20,0,20,36.98,14.82,4.936
37.69,20,0,20,38.55,11.52,4.902
37.74,20,0,20,39.72,8.049,4.868
37.79,20,0,20,40.46,4.466,4.834
37.84,20,0,20,40.77,0.8198,4.8
37.89,20,0,20,40.63,-2.837,4.766
37.94,20,0,20,40.06,-6.45,4.732
37.99,20,0,20,39.06,-9.969,4.698
38.04,20,0,20,37.64,-13.34,4.663
38.09,20,0,20,35.83,-16.52,4.629
38.14,20,0,20,33.65,-19.46,4.595
38.19,20,0,20,31.13,-22.11,4.561
38.24,20,0,20,28.31,-24.44,4.527
38.29,20,0,20,25.23,-26.42,4.492
38.34,20,0,20,21.93,-28.01,4.458
38.39,20,0,20,18.47,-29.19,4.424
38.44,20,0,20,14.89,-29.95,4.39
38.49,20,0,20,11.25,-30.27,4.355
38.54,20,0,20,7.589,-30.16,4.321
38.59,20,0,20,3.972,-29.6,4.287
38.64,20,0,20,0.4488,-28.61,4.252
38.69,20,0,20,-2.931,-27.21,4.218
38.74,20,0,20,-6.117,-25.41,4.184
38.79,20,0,20,-9.064,-23.24,4.149
38.84,20,0,20,-11.73,-20.74,4.115
38.89,20,0,20,-14.07,-17.93,4.08
38.94,20,0,20,-16.06,-14.86,4.046
38.99,20,0,20,-17.67,-11.57,4.012
39.04,20,0,20,-18.87,-8.112,3.977
39.09,20,0,20,-19.64,-4.536,3.943
39.14,20,0,20,-19.98,-0.8923,3.908
39.19,20,0,20,-19.88,2.766,3.874
39.24,20,0,20,-19.34,6.385,3.839
39.29,20,0,20,-18.37,9.913,3.805
39.34,20,0,20,-16.99,13.3,3.77
39.39,20,0,20,-15.2,16.49,3.736
39.44,20,0,20,-13.05,19.45,3.701
39.49,20,0,20,-10.55,22.13,3.667
39.54,20,0,20,-7.754,24.48,3.632
39.59,20,0,20,-4.692,26.49,3.598
39.64,20,0,20,-1.412,28.11,3.563
39.69,20,0,20,2.039,29.33,3.528
39.74,20,0,20,5.612,30.12,3.494
39.79,20,0,20,9.253,30.47,3.459
39.84,20,0,20,12.91,30.39,3.425
39.89,20,0,20,16.53,29.87,3.39
39.94,20,0,20,20.07,28.91,3.355
39.99,20,0,20,23.46,27.54,3.321
40.04,20,0,20,26.66,25.77,3.286
40.09,20,0,20,29.63,23.63,3.251
40.14,20,0,20,32.31,21.15,3.217
40.19,20,0,20,34.68,18.36,3.182
40.24,20,0,20,36.7,15.31,3.147
40.29,20,0,20,38.34,12.04,3.113
40.34,20,0,20,39.57,8.589,3.078
40.39,20,0,20,40.38,5.021,3.043
40.44,20,0,20,40.75,1.381,3.008
40.49,20,0,20,40.68,-2.277,2.974
40.54,20,0,20,40.18,-5.901,2.939
40.59,20,0,20,39.24,-9.438,2.904
40.64,20,0,20,37.88,-12.84,2.869
40.69,20,0,20,36.13,-16.05,2.835
40.74,20,0,20,34,-19.02,2.8
40.79,20,0,20,31.53,-21.72,2.765
40.84,20,0,20,28.75,-24.1,2.73
40.89,20,0,20,25.71,-26.14,2.695
40.94,20,0,20,22.44,-27.79,2.661
40.99,20,0,20,19,-29.03,2.626
41.04,20,0,20,15.44,-29.86,2.591
41.09,20,0,20,11.8,-30.25,2.556
41.14,20,0,20,8.142,-30.2,2.521
41.19,20,0,20,4.515,-29.71,2.486
41.24,20,0,20,0.9745,-28.78,2.451
41.29,20,0,20,-2.43,-27.44,2.416
41.34,20,0,20,-5.649,-25.7,2.382
41.39,20,0,20,-8.635,-23.59,2.347
41.44,20,0,20,-11.35,-21.13,2.312
41.49,20,0,20,-13.74,-18.36,2.277
41.54,20,0,20,-15.79,-15.33,2.242
41.59,20,0,20,-17.45,-12.07,2.207
41.64,20,0,20,-18.71,-8.637,2.172
41.69,20,0,20,-19.55,-5.076,2.137
41.74,20,0,20,-19.96,-1.439,2.102
41.79,20,0,20,-19.93,2.22,2.067
41.84,20,0,20,-19.45,5.848,2.032
41.89,20,0,20,-18.55,9.393,1.997
41.94,20,0,20,-17.22,12.8,1.962
41.99,20,0,20,-15.5,16.03,1.927
42.04,20,0,20,-13.4,19.03,1.892
42.09,20,0,20,-10.95,21.75,1.857
42.14,20,0,20,-8.196,24.16,1.822
42.19,20,0,20,-5.171,26.22,1.787
42.24,20,0,20,-1.921,27.9,1.752
42.29,20,0,20,1.507,29.17,1.717
42.34,20,0,20,5.065,30.03,1.682
42.39,20,0,20,8.699,30.45,1.647
42.44,20,0,20,12.36,30.44,1.612
42.49,20,0,20,15.99,29.98,1.577
42.54,20,0,20,19.54,29.09,1.542
42.59,20,0,20,22.95,27.78,1.507
42.64,20,0,20,26.19,26.07,1.472
42.69,20,0,20,29.19,23.98,1.437
42.74,20,0,20,31.93,21.55,1.402
42.79,20,0,20,34.35,18.81,1.367
42.84,20,0,20,36.42,15.79,1.332
42.89,20,0,20,38.12,12.55,1.297
42.94,20,0,20,39.41,9.127,1.262
42.99,20,0,20,40.28,5.574,1.227
43.04,20,0,20,40.72,1.942,1.192
43.09,20,0,20,40.72,-1.717,1.157
43.14,20,0,20,40.28,-5.349,1.122
43.19,20,0,20,39.41,-8.903,1.086
43.24,20,0,20,38.11,-12.32,1.051
43.29,20,0,20,36.42,-15.57,1.016
43.34,20,0,20,34.34,-18.58,0.9811
43.39,20,0,20,31.92,-21.33,0.946
43.44,20,0,20,29.19,-23.76,0.9109
43.49,20,0,20,26.19,-25.84,0.8758
43.54,20,0,20,22.95,-27.55,0.8407
43.59,20,0,20,19.53,-28.86,0.8056
43.64,20,0,20,15.98,-29.75,0.7705
43.69,20,0,20,12.35,-30.21,0.7353
43.74,20,0,20,8.695,-30.23,0.7002
43.79,20,0,20,5.06,-29.8,0.6651
43.84,20,0,20,1.503,-28.94,0.63
43.89,20,0,20,-1.925,-27.67,0.5949
43.94,20,0,20,-5.175,-25.98,0.5597
43.99,20,0,20,-8.199,-23.92,0.5246
44.04,20,0,20,-10.95,-21.52,0.4895
44.09,20,0,20,-13.4,-18.79,0.4543
44.14,20,0,20,-15.5,-15.8,0.4192
44.19,20,0,20,-17.22,-12.57,0.3841
44.24,20,0,20,-18.55,-9.16,0.3489
44.29,20,0,20,-19.46,-5.615,0.3138
44.34,20,0,20,-19.93,-1.986,0.2786
44.39,20,0,20,-19.96,1.673,0.2435
44.44,20,0,20,-19.55,5.309,0.2084
44.49,20,0,20,-18.71,8.871,0.1732
44.54,20,0,20,-17.45,12.3,0.1381
44.59,20,0,20,-15.78,15.56,0.1029
44.64,20,0,20,-13.74,18.6,0.06778
44.69,20,0,20,-11.34,21.36,0.03264
44.74,20,0,20,-8.631,23.82,-0.002503
44.79,20,0,20,-5.645,25.93,-0.03765
44.84,20,0,20,-2.426,27.67,-0.07279
44.89,20,0,20,0.9785,29.01,-0.1079
44.94,20,0,20,4.52,29.94,-0.1431
44.99,20,0,20,8.146,30.43,-0.1782
45.05,20,0,20,11.8,30.48,-0.2134
45.1,20,0,20,15.44,30.09,-0.2485
45.15,20,0,20,19.01,29.26,-0.2836
45.2,20,0,20,22.45,28.01,-0.3188
45.25,20,0,20,25.71,26.36,-0.3539
45.3,20,0,20,28.76,24.33,-0.3891
45.35,20,0,20,31.53,21.95,-0.4242
45.4,20,0,20,34,19.25,-0.4593
45.45,20,0,20,36.13,16.27,-0.4945
45.5,20,0,20,37.88,13.06,-0.5296
45.55,20,0,20,39.24,9.662,-0.5647
45.6,20,0,20,40.18,6.126,-0.5999
45.65,20,0,20,40.68,2.502,-0.635
45.7,20,0,20,40.75,-1.156,-0.6701
45.75,20,0,20,40.38,-4.796,-0.7052
45.8,20,0,20,39.57,-8.364,-0.7404
45.85,20,0,20,38.34,-11.81,-0.7755
45.9,20,0,20,36.7,-15.08,-0.8106
45.95,20,0,20,34.68,-18.13,-0.8457
46,20,0,20,32.31,-20.92,-0.8808
46.05,20,0,20,29.62,-23.4,-0.9159
46.1,20,0,20,26.66,-25.55,-0.951
46.15,20,0,20,23.45,-27.31,-0.9861
46.2,20,0,20,20.06,-28.69,-1.021
46.25,20,0,20,16.53,-29.64,-1.056
46.3,20,0,20,12.91,-30.16,-1.091
46.35,20,0,20,9.249,-30.24,-1.127
46.4,20,0,20,5.607,-29.89,-1.162
46.45,20,0,20,2.035,-29.09,-1.197
46.5,20,0,20,-1.416,-27.88,-1.232
46.55,20,0,20,-4.696,-26.26,-1.267
46.6,20,0,20,-7.757,-24.25,-1.302
46.65,20,0,20,-10.56,-21.89,-1.337
46.7,20,0,20,-13.05,-19.22,-1.372
46.75,20,0,20,-15.21,-16.26,-1.407
46.8,20,0,20,-16.99,-13.07,-1.442
46.85,20,0,20,-18.38,-9.68,-1.477
46.9,20,0,20,-19.35,-6.151,-1.512
46.95,20,0,20,-19.88,-2.532,-1.547
47,20,0,20,-19.98,1.126,-1.582
47.05,20,0,20,-19.64,4.769,-1.617
47.1,20,0,20,-18.87,8.345,-1.652
47.15,20,0,20,-17.67,11.8,-1.687
47.2,20,0,20,-16.06,15.09,-1.722
47.25,20,0,20,-14.07,18.16,-1.757
47.3,20,0,20,-11.73,20.97,-1.792
47.35,20,0,20,-9.061,23.48,-1.827
47.4,20,0,20,-6.114,25.64,-1.862
47.45,20,0,20,-2.927,27.44,-1.897
47.5,20,0,20,0.4527,28.85,-1.932
47.55,20,0,20,3.976,29.83,-1.967
47.6,20,0,20,7.593,30.39,-2.002
47.65,20,0,20,11.25,30.5,-2.037
47.7,20,0,20,14.89,30.18,-2.072
47.75,20,0,20,18.47,29.42,-2.107
47.8,20,0,20,21.94,28.24,-2.142
47.85,20,0,20,25.23,26.64,-2.177
47.9,20,0,20,28.31,24.67,-2.212
47.95,20,0,20,31.13,22.34,-2.247
48,20,0,20,33.65,19.68,-2.282
48.05,20,0,20,35.83,16.75,-2.317
48.1,20,0,20,37.64,13.57,-2.352
48.15,20,0,20,39.06,10.19,-2.387
48.2,20,0,20,40.06,6.675,-2.421
48.25,20,0,20,40.63,3.061,-2.456
48.3,20,0,20,40.77,-0.5951,-2.491
48.35,20,0,20,40.46,-4.241,-2.526
48.4,20,0,20,39.72,-7.824,-2.561
48.45,20,0,20,38.55,-11.29,-2.596
48.5,20,0,20,36.97,-14.59,-2.631
48.55,20,0,20,35.01,-17.68,-2.665
48.6,20,0,20,32.69,-20.51,-2.7
48.65,20,0,20,30.05,-23.04,-2.735
48.7,20,0,20,27.12,-25.24,-2.77
48.75,20,0,20,23.95,-27.06,-2.805
48.8,20,0,20,20.59,-28.5,-2.84
48.85,20,0,20,17.07,-29.52,-2.874
48.9,20,0,20,13.46,-30.1,-2.909
48.95,20,0,20,9.803,-30.25,-2.944
49,20,0,20,6.156,-29.96,-2.979
49.05,20,0,20,2.57,-29.24,-3.013
49.1,20,0,20,-0.9032,-28.08,-3.048
49.15,20,0,20,-4.212,-26.52,-3.083
49.2,20,0,20,-7.31,-24.57,-3.118
49.25,20,0,20,-10.15,-22.27,-3.152
49.3,20,0,20,-12.69,-19.64,-3.187
49.35,20,0,20,-14.9,-16.72,-3.222
49.4,20,0,20,-16.74,-13.56,-3.256
49.45,20,0,20,-18.19,-10.2,-3.291
49.5,20,0,20,-19.23,-6.686,-3.326
49.55,20,0,20,-19.83,-3.077,-3.36
49.6,20,0,20,-20,0.5782,-3.395
49.65,20,0,20,-19.72,4.227,-3.43
49.7,20,0,20,-19.01,7.817,-3.464
49.75,20,0,20,-17.88,11.29,-3.499
49.8,20,0,20,-16.33,14.61,-3.533
49.85,20,0,20,-14.4,17.72,-3.568
49.9,20,0,20,-12.1,20.57,-3.603
49.95,20,0,20,-9.484,23.12,-3.637
